1024, 0.41
1048, 0.707
1072, 1.004
1096, 1.3
1120, 1.596
1144, 1.89
1168, 2.184
1192, 2.478
1216, 2.77
1240, 3.062
1264, 3.353
1288, 3.644
1312, 3.934
1336, 4.223
1360, 4.511
1384, 4.799
1408, 5.086
1432, 5.373
1456, 5.658
1480, 5.943
1504, 6.228
1528, 6.511
1552, 6.794
1576, 7.076
1600, 7.358
1624, 7.639
1648, 7.919
1672, 8.198
1696, 8.477
1720, 8.755
1744, 9.033
1768, 9.309
1792, 9.585
1816, 9.861
1840, 10.135
1864, 10.409
1888, 10.682
1912, 10.955
1936, 11.227
1960, 11.498
1984, 11.768
2008, 12.038
2032, 12.307
2056, 12.576
2080, 12.843
2104, 13.11
2128, 13.376
2152, 13.642
2176, 13.907
2200, 14.171
2224, 14.435
2248, 14.698
2272, 14.96
2296, 15.221
2320, 15.482
2344, 15.742
2368, 16.001
2392, 16.26
2416, 16.518
2440, 16.775
2464, 17.032
2488, 17.288
2512, 17.543
2536, 17.797
2560, 18.051
2584, 18.304
2608, 18.557
2632, 18.808
2656, 19.059
2680, 19.31
2704, 19.559
2728, 19.808
2752, 20.057
2776, 20.304
2800, 20.551
2824, 20.797
2848, 21.043
2872, 21.287
2896, 21.531
2920, 21.775
2944, 22.018
2968, 22.26
2992, 22.501
3016, 22.741
3040, 22.981
3064, 23.221
3088, 23.459
3112, 23.697
3136, 23.934
3160, 24.171
3184, 24.406
3208, 24.641
3232, 24.876
3256, 25.109
3280, 25.342
3304, 25.575
3328, 25.806
3352, 26.037
3376, 26.267
3400, 26.497
3424, 26.726
3448, 26.954
3472, 27.181
3496, 27.408
3520, 27.634
3544, 27.859
3568, 28.084
3592, 28.308
3616, 28.531
3640, 28.754
3664, 28.975
3688, 29.197
3712, 29.417
3736, 29.637
3760, 29.856
3784, 30.074
3808, 30.292
3832, 30.509
3856, 30.725
3880, 30.941
3904, 31.156
3928, 31.37
3952, 31.584
3976, 31.796
4000, 32.008
4024, 32.22
4048, 32.431
4072, 32.641
4096, 32.85
4120, 33.059
4144, 33.267
4168, 33.474
4192, 33.68
4216, 33.886
4240, 34.091
4264, 34.296
4288, 34.5
4312, 34.703
4336, 34.905
4360, 35.107
4384, 35.308
4408, 35.508
4432, 35.708
4456, 35.907
4480, 36.105
4504, 36.302
4528, 36.499
4552, 36.695
4576, 36.891
4600, 37.085
4624, 37.28
4648, 37.473
4672, 37.666
4696, 37.857
4720, 38.049
4744, 38.239
4768, 38.429
4792, 38.618
4816, 38.807
4840, 38.995
4864, 39.182
4888, 39.368
4912, 39.554
4936, 39.739
4960, 39.923
4984, 40.107
5008, 40.289
5032, 40.472
5056, 40.653
5080, 40.834
5104, 41.014
5128, 41.193
5152, 41.372
5176, 41.55
5200, 41.728
5224, 41.904
5248, 42.08
5272, 42.255
5296, 42.43
5320, 42.604
5344, 42.777
5368, 42.949
5392, 43.121
5416, 43.292
5440, 43.462
5464, 43.632
5488, 43.801
5512, 43.969
5536, 44.137
5560, 44.304
5584, 44.47
5608, 44.635
5632, 44.8
5656, 44.964
5680, 45.128
5704, 45.29
5728, 45.452
5752, 45.614
5776, 45.774
5800, 45.934
5824, 46.093
5848, 46.252
5872, 46.41
5896, 46.567
5920, 46.723
5944, 46.879
5968, 47.034
5992, 47.188
6016, 47.342
6040, 47.495
6064, 47.647
6088, 47.799
6112, 47.949
6136, 48.099
6160, 48.249
6184, 48.398
6208, 48.546
6232, 48.693
6256, 48.84
6280, 48.986
6304, 49.131
6328, 49.275
6352, 49.419
6376, 49.562
6400, 49.705
6424, 49.847
6448, 49.988
6472, 50.128
6496, 50.268
6520, 50.407
6544, 50.545
6568, 50.683
6592, 50.819
6616, 50.956
6640, 51.091
6664, 51.226
6688, 51.36
6712, 51.493
6736, 51.626
6760, 51.758
6784, 51.889
6808, 52.02
6832, 52.15
6856, 52.279
6880, 52.408
6904, 52.535
6928, 52.662
6952, 52.789
6976, 52.915
7000, 53.04
7024, 53.164
7048, 53.287
7072, 53.41
7096, 53.533
7120, 53.654
7144, 53.775
7168, 53.895
7192, 54.014
7216, 54.133
7240, 54.251
7264, 54.369
7288, 54.485
7312, 54.601
7336, 54.716
7360, 54.831
7384, 54.945
7408, 55.058
7432, 55.17
7456, 55.282
7480, 55.393
7504, 55.503
7528, 55.613
7552, 55.722
7576, 55.83
7600, 55.938
7624, 56.044
7648, 56.151
7672, 56.256
7696, 56.361
7720, 56.465
7744, 56.568
7768, 56.671
7792, 56.773
7816, 56.874
7840, 56.974
7864, 57.074
7888, 57.173
7912, 57.272
7936, 57.37
7960, 57.467
7984, 57.563
8008, 57.659
8032, 57.754
8056, 57.848
8080, 57.941
8104, 58.034
8128, 58.126
8152, 58.218
8176, 58.309
8200, 58.399
8224, 58.488
8248, 58.577
8272, 58.665
8296, 58.752
8320, 58.838
8344, 58.924
8368, 59.009
8392, 59.094
8416, 59.178
8440, 59.261
8464, 59.343
8488, 59.425
8512, 59.506
8536, 59.586
8560, 59.665
8584, 59.744
8608, 59.822
8632, 59.9
8656, 59.977
8680, 60.053
8704, 60.128
8728, 60.203
8752, 60.277
8776, 60.35
8800, 60.422
8824, 60.494
8848, 60.565
8872, 60.636
8896, 60.706
8920, 60.775
8944, 60.843
8968, 60.911
8992, 60.978
9016, 61.044
9040, 61.109
9064, 61.174
9088, 61.238
9112, 61.302
9136, 61.364
9160, 61.426
9184, 61.488
9208, 61.548
9232, 61.608
9256, 61.668
9280, 61.726
9304, 61.784
9328, 61.841
9352, 61.898
9376, 61.953
9400, 62.008
9424, 62.063
9448, 62.116
9472, 62.169
9496, 62.221
9520, 62.273
9544, 62.324
9568, 62.374
9592, 62.423
9616, 62.472
9640, 62.52
9664, 62.567
9688, 62.614
9712, 62.66
9736, 62.705
9760, 62.75
9784, 62.793
9808, 62.836
9832, 62.879
9856, 62.921
9880, 62.962
9904, 63.002
9928, 63.041
9952, 63.08
9976, 63.119
10000, 63.156
10024, 63.193
10048, 63.229
10072, 63.264
10096, 63.299
10120, 63.333
10144, 63.366
10168, 63.399
10192, 63.431
10216, 63.462
10240, 63.492
10264, 63.522
10288, 63.551
10312, 63.58
10336, 63.607
10360, 63.634
10384, 63.661
10408, 63.686
10432, 63.711
10456, 63.735
10480, 63.759
10504, 63.781
10528, 63.803
10552, 63.825
10576, 63.845
10600, 63.865
10624, 63.885
10648, 63.903
10672, 63.921
10696, 63.938
10720, 63.955
10744, 63.97
10768, 63.985
10792, 64
10816, 64.013
10840, 64.026
10864, 64.038
10888, 64.05
10912, 64.061
10936, 64.071
10960, 64.08
10984, 64.089
11008, 64.097
11032, 64.104
11056, 64.111
11080, 64.117
11104, 64.122
11128, 64.126
11152, 64.13
11176, 64.133
11200, 64.136
11224, 64.137
11248, 64.138
11272, 64.139
11296, 64.138
11320, 64.137
11344, 64.135
11368, 64.133
11392, 64.129
11416, 64.125
11440, 64.121
11464, 64.115
11488, 64.109
11512, 64.103
11536, 64.095
11560, 64.087
11584, 64.078
11608, 64.069
11632, 64.058
11656, 64.047
11680, 64.036
11704, 64.023
11728, 64.01
11752, 63.996
11776, 63.982
11800, 63.967
11824, 63.951
11848, 63.934
11872, 63.917
11896, 63.899
11920, 63.88
11944, 63.861
11968, 63.841
11992, 63.82
12016, 63.798
12040, 63.776
12064, 63.753
12088, 63.729
12112, 63.705
12136, 63.68
12160, 63.654
12184, 63.628
12208, 63.601
12232, 63.573
12256, 63.544
12280, 63.515
12304, 63.485
12328, 63.454
12352, 63.423
12376, 63.391
12400, 63.358
12424, 63.324
12448, 63.29
12472, 63.255
12496, 63.22
12520, 63.183
12544, 63.146
12568, 63.109
12592, 63.07
12616, 63.031
12640, 62.991
12664, 62.951
12688, 62.909
12712, 62.867
